# unix_time, unique_crashes, total_cov, valid_cov, total_inputs, valid_inputs, valid_paths, valid_branch_sets, unique_valid_inputs, b0, b1, b2
1645614237, 0, 0, 0, 1, 0, 0, 0, 0, 0.000, 0.000, 0.000
1645614237, 0, 23, 0, 2, 0, 0, 0, 0, 0.000, 0.000, 0.000
1645614238, 0, 23, 23, 20, 12, 1, 1, 7, 0.000, 0.000, 0.000
1645614238, 0, 23, 23, 65, 48, 1, 1, 11, 0.000, 0.000, 0.000
1645614238, 0, 23, 23, 100, 69, 1, 1, 14, 0.000, 0.000, 0.000
1645614239, 0, 23, 23, 141, 93, 1, 1, 17, 0.000, 0.000, 0.000
1645614239, 0, 23, 23, 201, 140, 1, 1, 20, 0.000, 0.000, 0.000
1645614239, 0, 23, 23, 250, 181, 1, 1, 26, 0.000, 0.000, 0.000
1645614240, 0, 23, 23, 309, 231, 1, 1, 28, 0.000, 0.000, 0.000
1645614240, 0, 23, 23, 376, 288, 1, 1, 36, 0.000, 0.000, 0.000
1645614240, 0, 23, 23, 433, 323, 1, 1, 44, 0.000, 0.000, 0.000
1645614240, 0, 23, 23, 500, 372, 1, 1, 63, 0.000, 0.000, 0.000
1645614241, 0, 23, 23, 542, 403, 1, 1, 73, 0.000, 0.000, 0.000
1645614241, 0, 23, 23, 615, 453, 1, 1, 93, 23.000, 23.000, 23.000
1645614241, 0, 23, 23, 687, 503, 1, 1, 119, 23.000, 23.000, 23.000
1645614242, 0, 23, 23, 745, 548, 1, 1, 140, 23.000, 23.000, 23.000
1645614242, 0, 23, 23, 822, 613, 1, 1, 171, 23.000, 23.000, 23.000
1645614242, 0, 23, 23, 896, 675, 1, 1, 201, 23.000, 23.000, 23.000
1645614243, 0, 23, 23, 966, 717, 1, 1, 235, 23.000, 23.000, 23.000
1645614243, 0, 23, 23, 1043, 760, 1, 1, 273, 23.000, 23.000, 23.000
1645614243, 0, 23, 23, 1118, 805, 1, 1, 311, 23.000, 23.000, 23.000
1645614244, 0, 23, 23, 1194, 852, 1, 1, 350, 23.000, 23.000, 23.000
1645614244, 0, 23, 23, 1273, 908, 1, 1, 396, 23.000, 23.000, 23.000
1645614244, 0, 23, 23, 1363, 957, 1, 1, 431, 23.000, 23.000, 23.000
1645614244, 0, 23, 23, 1459, 1017, 1, 1, 480, 23.000, 23.000, 23.000
1645614245, 0, 23, 23, 1554, 1082, 1, 1, 530, 23.000, 23.000, 23.000
1645614245, 0, 23, 23, 1650, 1139, 1, 1, 573, 23.000, 23.000, 23.000
1645614245, 0, 23, 23, 1755, 1204, 1, 1, 630, 23.000, 23.000, 23.000
1645614246, 0, 23, 23, 1839, 1268, 1, 1, 685, 23.000, 23.000, 23.000
1645614246, 0, 23, 23, 1926, 1328, 1, 1, 734, 23.000, 23.000, 23.000
1645614246, 0, 23, 23, 2024, 1404, 1, 1, 795, 23.000, 23.000, 23.000
1645614247, 0, 23, 23, 2121, 1468, 1, 1, 853, 23.000, 23.000, 23.000
1645614247, 0, 23, 23, 2234, 1542, 1, 1, 914, 23.000, 23.000, 23.000
1645614247, 0, 23, 23, 2334, 1616, 1, 1, 980, 23.000, 23.000, 23.000
1645614247, 0, 23, 23, 2435, 1703, 1, 1, 1055, 23.000, 23.000, 23.000
